{
 "cells": [
  {
   "cell_type": "markdown",
   "id": "20217c46",
   "metadata": {},
   "source": [
    "### Trying to cluster"
   ]
  },
  {
   "cell_type": "code",
   "execution_count": 1,
   "id": "67583543",
   "metadata": {},
   "outputs": [],
   "source": [
    "import functions\n",
    "\n",
    "import os\n",
    "import scipy.io\n",
    "import pandas as pd\n",
    "import numpy as np\n",
    "import seaborn as sns\n",
    "import matplotlib.pyplot as plt\n",
    "\n",
    "# for clustering\n",
    "from sklearn.preprocessing import StandardScaler\n",
    "from sklearn.cluster import KMeans\n",
    "from sklearn.decomposition import PCA\n",
    "from sklearn.metrics import silhouette_score\n",
    "\n",
    "# for statistical tests\n",
    "from scipy.stats import ttest_rel\n",
    "from statsmodels.stats.multitest import multipletests\n",
    "import numpy as np"
   ]
  },
  {
   "cell_type": "code",
   "execution_count": 2,
   "id": "105abedb",
   "metadata": {},
   "outputs": [
    {
     "name": "stdout",
     "output_type": "stream",
     "text": [
      "Index(['subject_id', 'TimePoint', 'Behavioral_assessment', 'MRI', 'Gender',\n",
      "       'Age', 'Education_level', 'Lesion_side_old', 'Lesion_side', 'Combined',\n",
      "       'Bilateral', 'Comments', 'Stroke_location', 'lesion_volume_mm3',\n",
      "       'NIHSS', 'FAB_abstraction', 'FAB_flexibility', 'FAB_programmation',\n",
      "       'FAB_sensitivity_to_interference', 'FAB_inhibitory_control',\n",
      "       'FAB_environmental_autonomy', 'FAB_TOT', 'Stroop_color_time',\n",
      "       'Stroop_color_error', 'Stroop_words_time', 'Stroop_words_error',\n",
      "       'Stroop_interference_time', 'Stroop_interference_error',\n",
      "       'Stroop_index_WC', 'Stroop_index_InC', 'Digit_forward_SPAN',\n",
      "       'Digit_forward_TOTAL', 'Digit_backward_SPAN', 'Digit_backward_TOTAL',\n",
      "       'Digit_sequencing_SPAN', 'Digit_sequencing_TOTAL', 'Digit_TOTAL',\n",
      "       'Fugl_Meyer_right_UPPER_EXTREMITY', 'Fugl_Meyer_right_WRIST',\n",
      "       'Fugl_Meyer_right_HAND', 'Fugl_Meyer_right_COORDINATION_SPEED',\n",
      "       'Fugl_Meyer_right_TOTAL', 'Fugl_Meyer_left_UPPER_EXTREMITY',\n",
      "       'Fugl_Meyer_left_WRIST', 'Fugl_Meyer_left_HAND',\n",
      "       'Fugl_Meyer_left_COORDINATION_SPEED', 'Fugl_Meyer_left_TOTAL',\n",
      "       'B_B_laterality', 'B_B_blocks_right_hand', 'B_B_blocks_left_hand',\n",
      "       'B_B_blocks_affected_hand', 'B_B_blocks_unaffected_hand',\n",
      "       'B_B_blocks_affected', 'B_B_blocks_unaffected', 'nmf_executive',\n",
      "       'nmf_motor', 'FPCN_intra_aff_FC', 'SMN_intra_aff_FC',\n",
      "       'FPCN_intra_unaff_FC', 'SMN_intra_unaff_FC', 'FPCN_inter_FC',\n",
      "       'SMN_inter_FC'],\n",
      "      dtype='object')\n"
     ]
    }
   ],
   "source": [
    "rsfMRI_info = pd.read_excel(\"TiMeS_rsfMRI_info.xlsx\", engine=\"openpyxl\")  \n",
    "regression_info = pd.read_excel(\"TiMeS_regression_info_processed.xlsx\", engine=\"openpyxl\")\n",
    "rsfMRI_full_info = pd.read_excel(\"TiMeS_rsfMRI_full_info.xlsx\", engine=\"openpyxl\")\n",
    "print(regression_info.columns)\n",
    "regression_info=regression_info[['Stroke_location', 'Lesion_side', 'lesion_volume_mm3']]"
   ]
  },
  {
   "cell_type": "code",
   "execution_count": 5,
   "id": "b289c113",
   "metadata": {},
   "outputs": [],
   "source": [
    "# Folder containing the data\n",
    "folder_path = \"FC_matrices_times_wp11/\"\n",
    "\n",
    "# keep only ROIS\n",
    "rois = [363, 364, 365, 368, 372, 373, 374, 377, 379, 361, 370, 362, 371, 10, 11, 12, 54, 56, 78, 96, 190, 191, 192, 234, 236, 258, 276, 8, 9, 51, 52, 53, 188, 189, 231, 232, 233]\n",
    "rois = [roi - 1 for roi in rois]\n",
    "\n",
    "t1_matrices, regression_info, rsfMRI_full_info, t1_subjects = functions.load_data(folder_path, rois, type='t1_only')\n",
    "all_matrices, regression_info, rsfMRI_full_info, all_subjects = functions.load_data(folder_path, rois, type='all')\n",
    "t1_t3_matched, regression_info, rsfMRI_full_info, t1_t3_subjects = functions.load_data(folder_path, rois, type='t1_t3_matched')\n",
    "t1_t4_matched, regression_info, rsfMRI_full_info, t1_t4_subjects = functions.load_data(folder_path, rois, type='t1_t4_matched')\n",
    "t1_t3_matrices, regression_info, rsfMRI_full_info, t1_t3_subjects = functions.load_data(folder_path, rois, type='t1_t3')\n",
    "#matrices = functions.matrices_to_wide_df(matrices)"
   ]
  },
  {
   "cell_type": "code",
   "execution_count": null,
   "id": "9779605e",
   "metadata": {},
   "outputs": [
    {
     "name": "stdout",
     "output_type": "stream",
     "text": [
      "number of subjects with all matrices:  73\n",
      "number of subjects with T1 and T3 matrices:  73\n",
      "number of subjects with T1 and T4 matrices:  73\n"
     ]
    },
    {
     "data": {
      "application/vnd.microsoft.datawrangler.viewer.v0+json": {
       "columns": [
        {
         "name": "index",
         "rawType": "int64",
         "type": "integer"
        },
        {
         "name": "subject_id",
         "rawType": "object",
         "type": "string"
        },
        {
         "name": "T1_matrix",
         "rawType": "object",
         "type": "unknown"
        },
        {
         "name": "Lesion_side",
         "rawType": "object",
         "type": "unknown"
        },
        {
         "name": "Stroke_location",
         "rawType": "object",
         "type": "unknown"
        },
        {
         "name": "lesion_volume_mm3",
         "rawType": "float64",
         "type": "float"
        },
        {
         "name": "Gender",
         "rawType": "float64",
         "type": "float"
        },
        {
         "name": "Age",
         "rawType": "float64",
         "type": "float"
        },
        {
         "name": "Education_level",
         "rawType": "float64",
         "type": "float"
        },
        {
         "name": "Combined",
         "rawType": "object",
         "type": "unknown"
        },
        {
         "name": "Bilateral",
         "rawType": "object",
         "type": "unknown"
        }
       ],
       "conversionMethod": "pd.DataFrame",
       "ref": "5855059a-edf5-4730-88f6-ab404f7c7f0d",
       "rows": [
        [
         "0",
         "s038",
         null,
         null,
         null,
         null,
         null,
         null,
         null,
         null,
         null
        ],
        [
         "1",
         "s007",
         "          362       363       364       367       371       372       373  \\\n362  1.000000  0.608787  0.149505  0.304160  0.040537 -0.009827  0.281905   \n363  0.608787  1.000000  0.029497  0.364573  0.056157 -0.091779  0.127760   \n364  0.149505  0.029497  1.000000  0.305460 -0.075615  0.545898  0.368091   \n367  0.304160  0.364573  0.305460  1.000000  0.188071  0.177878  0.281877   \n371  0.040537  0.056157 -0.075615  0.188071  1.000000  0.011904  0.155758   \n372 -0.009827 -0.091779  0.545898  0.177878  0.011904  1.000000  0.448174   \n373  0.281905  0.127760  0.368091  0.281877  0.155758  0.448174  1.000000   \n376 -0.181699  0.013977 -0.154702 -0.084444 -0.033772 -0.170798 -0.162354   \n378  0.275715  0.175507  0.421878  0.104597 -0.214493  0.344712  0.257451   \n360  0.333903  0.236497  0.323445 -0.014282 -0.226399 -0.027440  0.118902   \n369  0.087181  0.022118  0.013420 -0.265240 -0.126987  0.012296  0.019870   \n361  0.363359  0.128150  0.168282 -0.100943 -0.063555  0.102757  0.272245   \n370  0.535924  0.398735 -0.016583  0.159280  0.240468 -0.169404  0.247196   \n9    0.148438  0.089169  0.012803 -0.056738  0.005423 -0.066586  0.085432   \n10   0.383843  0.152356 -0.103869  0.017699  0.210761 -0.158903  0.131463   \n11   0.361742  0.183942  0.038637  0.069384  0.016048 -0.198016 -0.029677   \n53   0.057289  0.131585 -0.060305 -0.027785  0.025557 -0.020726  0.140858   \n55   0.339243  0.231497  0.120203  0.257988  0.170834  0.035512  0.146419   \n77   0.402939  0.293756 -0.100773  0.027639  0.029014 -0.075934  0.060066   \n95   0.252710  0.047341 -0.198630 -0.153769  0.072246 -0.113127  0.030356   \n189  0.077826 -0.052740 -0.254392 -0.192301  0.110152 -0.119174  0.095250   \n190  0.062762 -0.014880 -0.189659 -0.170040  0.064007 -0.092244  0.034896   \n191  0.004234 -0.159035 -0.121534 -0.252852  0.086989 -0.108127 -0.101865   \n233 -0.069094 -0.071440 -0.228546 -0.191512  0.118859 -0.070485  0.061723   \n235  0.147360  0.122314  0.071431  0.108655  0.164931  0.181808  0.283736   \n257  0.125732  0.041193 -0.193006 -0.155397 -0.017274 -0.032932  0.036402   \n275 -0.019751 -0.128828 -0.197777 -0.211587  0.083341 -0.077445 -0.018293   \n7    0.128121  0.039588 -0.143521 -0.069513  0.121664 -0.055326  0.102121   \n8    0.062711 -0.013010 -0.083572 -0.126806  0.079470 -0.036288  0.043988   \n50   0.146558 -0.014916 -0.150584 -0.165430  0.078650 -0.036966  0.033572   \n51   0.367699  0.162802 -0.119084 -0.001609  0.072129 -0.015970  0.114195   \n52   0.024752  0.035401 -0.175338 -0.112010  0.188572 -0.135015 -0.046138   \n187 -0.099878 -0.125531 -0.175777 -0.145677  0.134601  0.027659  0.034553   \n188  0.036278  0.024258 -0.056202 -0.138127  0.025935 -0.060056 -0.007042   \n230 -0.011111 -0.000948 -0.012126 -0.167101 -0.070277  0.056048  0.157764   \n231  0.095139  0.067228 -0.146608 -0.169465 -0.073617 -0.085913  0.125483   \n232 -0.108127 -0.080514 -0.140778 -0.189061  0.015056 -0.095326 -0.014635   \n\n          376       378       360  ...       7         8         50   \\\n362 -0.181699  0.275715  0.333903  ...  0.128121  0.062711  0.146558   \n363  0.013977  0.175507  0.236497  ...  0.039588 -0.013010 -0.014916   \n364 -0.154702  0.421878  0.323445  ... -0.143521 -0.083572 -0.150584   \n367 -0.084444  0.104597 -0.014282  ... -0.069513 -0.126806 -0.165430   \n371 -0.033772 -0.214493 -0.226399  ...  0.121664  0.079470  0.078650   \n372 -0.170798  0.344712 -0.027440  ... -0.055326 -0.036288 -0.036966   \n373 -0.162354  0.257451  0.118902  ...  0.102121  0.043988  0.033572   \n376  1.000000 -0.014322 -0.015440  ...  0.073212  0.090879  0.062573   \n378 -0.014322  1.000000  0.606475  ... -0.039135 -0.010136 -0.091742   \n360 -0.015440  0.606475  1.000000  ... -0.069966 -0.043515 -0.122202   \n369 -0.079292  0.205092  0.368817  ... -0.198951 -0.215721 -0.208052   \n361 -0.146578  0.307653  0.443378  ... -0.010411 -0.057938 -0.029797   \n370  0.002699  0.021996  0.163601  ...  0.159319  0.090594  0.166117   \n9   -0.014070  0.169335  0.177046  ...  0.233275  0.301024  0.224587   \n10  -0.034970 -0.047739  0.048243  ...  0.264641  0.211743  0.431577   \n11  -0.116704  0.084143  0.234438  ...  0.218219  0.244720  0.307488   \n53  -0.043706  0.059499  0.059176  ...  0.319912  0.303888  0.124280   \n55  -0.183273 -0.017453 -0.005963  ...  0.395082  0.347847  0.298849   \n77  -0.004748  0.014224  0.003697  ...  0.279179  0.290473  0.454475   \n95  -0.041767 -0.040390  0.088760  ...  0.257611  0.192619  0.274765   \n189  0.147983 -0.074205 -0.064485  ...  0.356968  0.357689  0.487005   \n190  0.138242 -0.077660 -0.114273  ...  0.303785  0.335265  0.520269   \n191  0.120370 -0.040735 -0.044821  ...  0.287398  0.367372  0.525347   \n233  0.138840 -0.084502 -0.083342  ...  0.475785  0.491515  0.544959   \n235 -0.064809  0.032275 -0.080597  ...  0.576653  0.571970  0.477701   \n257  0.052694 -0.156498 -0.228028  ...  0.457665  0.463082  0.584713   \n275  0.060419 -0.125984 -0.155961  ...  0.448869  0.431020  0.456798   \n7    0.073212 -0.039135 -0.069966  ...  1.000000  0.926244  0.708842   \n8    0.090879 -0.010136 -0.043515  ...  0.926244  1.000000  0.793648   \n50   0.062573 -0.091742 -0.122202  ...  0.708842  0.793648  1.000000   \n51  -0.001025 -0.096326 -0.133149  ...  0.457927  0.474287  0.803141   \n52   0.208237 -0.107797 -0.117596  ...  0.806825  0.823386  0.630915   \n187  0.104260 -0.109883 -0.171412  ...  0.845585  0.832254  0.648330   \n188  0.152717  0.004078  0.025373  ...  0.763304  0.810628  0.621473   \n230  0.095909  0.050046  0.045820  ...  0.636289  0.730414  0.650212   \n231  0.167795 -0.004999  0.060564  ...  0.482339  0.538030  0.628702   \n232  0.211357  0.020405 -0.012101  ...  0.715491  0.748210  0.558400   \n\n          51        52        187       188       230       231       232  \n362  0.367699  0.024752 -0.099878  0.036278 -0.011111  0.095139 -0.108127  \n363  0.162802  0.035401 -0.125531  0.024258 -0.000948  0.067228 -0.080514  \n364 -0.119084 -0.175338 -0.175777 -0.056202 -0.012126 -0.146608 -0.140778  \n367 -0.001609 -0.112010 -0.145677 -0.138127 -0.167101 -0.169465 -0.189061  \n371  0.072129  0.188572  0.134601  0.025935 -0.070277 -0.073617  0.015056  \n372 -0.015970 -0.135015  0.027659 -0.060056  0.056048 -0.085913 -0.095326  \n373  0.114195 -0.046138  0.034553 -0.007042  0.157764  0.125483 -0.014635  \n376 -0.001025  0.208237  0.104260  0.152717  0.095909  0.167795  0.211357  \n378 -0.096326 -0.107797 -0.109883  0.004078  0.050046 -0.004999  0.020405  \n360 -0.133149 -0.117596 -0.171412  0.025373  0.045820  0.060564 -0.012101  \n369 -0.268431 -0.225587 -0.185433 -0.216669 -0.117653 -0.089130 -0.152561  \n361 -0.023601 -0.175788 -0.114641 -0.090602 -0.022276 -0.002831 -0.111428  \n370  0.276344  0.176813  0.020904  0.145368  0.029763  0.239934 -0.011629  \n9    0.192707  0.110897  0.100834  0.122289  0.260414  0.126616  0.060463  \n10   0.618416  0.203620  0.115438  0.141039  0.142181  0.282119  0.045023  \n11   0.383222  0.160344  0.029524  0.165619  0.129368  0.051579  0.065223  \n53   0.151876  0.178389  0.218787  0.199863  0.327121  0.201884  0.117603  \n55   0.345269  0.231356  0.201517  0.185140  0.149839  0.037338  0.106397  \n77   0.560107  0.202538  0.134875  0.158869  0.252445  0.217894  0.091078  \n95   0.341709  0.165593  0.078272  0.078673  0.108477  0.166168  0.024374  \n189  0.505573  0.274603  0.284598  0.312418  0.353318  0.402857  0.172624  \n190  0.613938  0.266987  0.274103  0.252938  0.353847  0.466952  0.170735  \n191  0.499526  0.259784  0.283309  0.305831  0.299627  0.409185  0.209241  \n233  0.448893  0.400031  0.506785  0.481139  0.504952  0.569294  0.357262  \n235  0.468337  0.429933  0.516806  0.488088  0.567951  0.316093  0.306659  \n257  0.635118  0.324884  0.364708  0.331715  0.472642  0.416151  0.205447  \n275  0.419487  0.360370  0.380713  0.347743  0.292255  0.377050  0.311712  \n7    0.457927  0.806825  0.845585  0.763304  0.636289  0.482339  0.715491  \n8    0.474287  0.823386  0.832254  0.810628  0.730414  0.538030  0.748210  \n50   0.803141  0.630915  0.648330  0.621473  0.650212  0.628702  0.558400  \n51   1.000000  0.361172  0.353880  0.378396  0.429985  0.574131  0.207567  \n52   0.361172  1.000000  0.779234  0.751917  0.539087  0.455442  0.773061  \n187  0.353880  0.779234  1.000000  0.864933  0.706640  0.503164  0.833101  \n188  0.378396  0.751917  0.864933  1.000000  0.779492  0.607023  0.805603  \n230  0.429985  0.539087  0.706640  0.779492  1.000000  0.667651  0.613744  \n231  0.574131  0.455442  0.503164  0.607023  0.667651  1.000000  0.464807  \n232  0.207567  0.773061  0.833101  0.805603  0.613744  0.464807  1.000000  \n\n[37 rows x 37 columns]",
         null,
         null,
         null,
         null,
         null,
         null,
         null,
         null
        ],
        [
         "2",
         "s031",
         "          362       363       364       367  371       372       373  \\\n362  1.000000  0.521031 -0.020895  0.112700  0.0 -0.000457 -0.250781   \n363  0.521031  1.000000 -0.010893  0.075231  0.0  0.032373 -0.073832   \n364 -0.020895 -0.010893  1.000000  0.434006  0.0  0.656579  0.295278   \n367  0.112700  0.075231  0.434006  1.000000  0.0  0.274130  0.117300   \n371  0.000000  0.000000  0.000000  0.000000  1.0  0.000000  0.000000   \n372 -0.000457  0.032373  0.656579  0.274130  0.0  1.000000  0.511111   \n373 -0.250781 -0.073832  0.295278  0.117300  0.0  0.511111  1.000000   \n376 -0.265555 -0.324966 -0.395001 -0.053005  0.0 -0.413571 -0.164566   \n378 -0.063289  0.034285  0.059070  0.346246  0.0  0.102427  0.204489   \n360  0.147297  0.255218  0.286898  0.206470  0.0  0.309674  0.189656   \n369  0.248601  0.089906  0.184942  0.027917  0.0  0.193322 -0.014800   \n361  0.285411  0.157160  0.141305  0.044284  0.0  0.183652 -0.082946   \n370  0.597787  0.338795  0.221906  0.042747  0.0  0.276196  0.099642   \n9    0.279676  0.179108 -0.230321 -0.051486  0.0 -0.187126 -0.123158   \n10   0.174325  0.208140  0.136200  0.044041  0.0  0.199035  0.075241   \n11   0.160726  0.186969  0.266244  0.000053  0.0  0.225306 -0.063035   \n53   0.114014  0.095871 -0.389250 -0.216210  0.0 -0.335091 -0.174016   \n55  -0.015184  0.141324 -0.017246 -0.104377  0.0  0.088378  0.102664   \n77   0.191778  0.143393 -0.089236 -0.142784  0.0 -0.083872 -0.165607   \n95   0.078857  0.021150 -0.040641  0.031134  0.0 -0.018254 -0.020513   \n189  0.136908  0.200134 -0.102051 -0.235539  0.0 -0.013799 -0.055030   \n190  0.125109  0.124584 -0.010577 -0.038763  0.0  0.130352  0.057748   \n191  0.157039  0.192446  0.017322 -0.234849  0.0  0.167286  0.065466   \n233  0.115996  0.061118 -0.377010 -0.113625  0.0 -0.292913 -0.165764   \n235  0.220025  0.268814 -0.009771 -0.131918  0.0  0.075273  0.004562   \n257  0.351694  0.186735 -0.077333 -0.109301  0.0  0.011292 -0.033392   \n275  0.070997 -0.062257 -0.064045 -0.099233  0.0 -0.135673 -0.127780   \n7    0.144342  0.077379 -0.342360 -0.227687  0.0 -0.283149 -0.072586   \n8    0.070230  0.086720 -0.344915 -0.141783  0.0 -0.308537 -0.113294   \n50   0.122970  0.017328 -0.409748 -0.112873  0.0 -0.400282 -0.164929   \n51  -0.029937 -0.059006 -0.266868 -0.111944  0.0 -0.292358 -0.075259   \n52  -0.030114 -0.129930 -0.325650 -0.040384  0.0 -0.301569 -0.092948   \n187  0.108966  0.106855 -0.285887 -0.180396  0.0 -0.128440  0.010019   \n188 -0.071127  0.041667 -0.157583 -0.158648  0.0 -0.025147  0.060279   \n230 -0.057006  0.020262 -0.299866 -0.157108  0.0 -0.224106 -0.013318   \n231 -0.057916 -0.054390 -0.235502 -0.202217  0.0 -0.171791  0.018646   \n232  0.003425  0.078765 -0.222276 -0.077179  0.0 -0.178410 -0.052875   \n\n          376       378       360  ...       7         8         50   \\\n362 -0.265555 -0.063289  0.147297  ...  0.144342  0.070230  0.122970   \n363 -0.324966  0.034285  0.255218  ...  0.077379  0.086720  0.017328   \n364 -0.395001  0.059070  0.286898  ... -0.342360 -0.344915 -0.409748   \n367 -0.053005  0.346246  0.206470  ... -0.227687 -0.141783 -0.112873   \n371  0.000000  0.000000  0.000000  ...  0.000000  0.000000  0.000000   \n372 -0.413571  0.102427  0.309674  ... -0.283149 -0.308537 -0.400282   \n373 -0.164566  0.204489  0.189656  ... -0.072586 -0.113294 -0.164929   \n376  1.000000  0.053682 -0.303885  ...  0.187670  0.239639  0.251307   \n378  0.053682  1.000000  0.077826  ... -0.059953 -0.054414  0.110124   \n360 -0.303885  0.077826  1.000000  ... -0.046859 -0.134139 -0.020930   \n369 -0.303530  0.043230  0.129338  ... -0.242571 -0.235374 -0.127281   \n361 -0.237027  0.096856  0.188691  ... -0.201856 -0.222285 -0.129520   \n370 -0.397440 -0.030591  0.232878  ...  0.027327  0.000479 -0.076934   \n9   -0.106252  0.004394  0.011290  ...  0.242180  0.243110  0.327677   \n10  -0.467713  0.041916  0.249184  ... -0.082671 -0.147751 -0.083107   \n11  -0.401920 -0.123384  0.159676  ... -0.106777 -0.196022 -0.278567   \n53  -0.012051  0.028076  0.024340  ...  0.393899  0.383404  0.695338   \n55  -0.117986 -0.133673  0.136891  ...  0.378295  0.400353  0.155064   \n77  -0.237348 -0.026489  0.242899  ...  0.150843  0.067011  0.357082   \n95  -0.205084  0.023118  0.031012  ... -0.049259 -0.106667  0.265515   \n189 -0.218091 -0.146704  0.142979  ...  0.166919 -0.004334  0.070498   \n190 -0.292350 -0.033371  0.067419  ... -0.224192 -0.251269 -0.216129   \n191 -0.259209 -0.230025  0.137360  ...  0.028125 -0.125380 -0.144062   \n233  0.075744 -0.025613 -0.028939  ...  0.286497  0.241193  0.577980   \n235 -0.419146 -0.136892  0.222477  ...  0.128378  0.057956  0.186359   \n257 -0.371525 -0.042313  0.260989  ...  0.193880  0.044763  0.309188   \n275 -0.142630 -0.054639  0.063177  ...  0.149574 -0.001058  0.363648   \n7    0.187670 -0.059953 -0.046859  ...  1.000000  0.817239  0.635810   \n8    0.239639 -0.054414 -0.134139  ...  0.817239  1.000000  0.671024   \n50   0.251307  0.110124 -0.020930  ...  0.635810  0.671024  1.000000   \n51   0.083375  0.100237  0.002695  ...  0.114117  0.168291  0.617016   \n52   0.303958 -0.031045 -0.242414  ...  0.696026  0.653533  0.443111   \n187  0.013764 -0.120787 -0.036752  ...  0.728562  0.669244  0.499732   \n188  0.060195 -0.158809 -0.031112  ...  0.535428  0.577607  0.280063   \n230  0.077918 -0.091612  0.046937  ...  0.476702  0.501048  0.622935   \n231  0.009874 -0.017629 -0.022330  ...  0.356052  0.309305  0.540948   \n232  0.073411 -0.077458 -0.122790  ...  0.582063  0.608279  0.327603   \n\n          51        52        187       188       230       231       232  \n362 -0.029937 -0.030114  0.108966 -0.071127 -0.057006 -0.057916  0.003425  \n363 -0.059006 -0.129930  0.106855  0.041667  0.020262 -0.054390  0.078765  \n364 -0.266868 -0.325650 -0.285887 -0.157583 -0.299866 -0.235502 -0.222276  \n367 -0.111944 -0.040384 -0.180396 -0.158648 -0.157108 -0.202217 -0.077179  \n371  0.000000  0.000000  0.000000  0.000000  0.000000  0.000000  0.000000  \n372 -0.292358 -0.301569 -0.128440 -0.025147 -0.224106 -0.171791 -0.178410  \n373 -0.075259 -0.092948  0.010019  0.060279 -0.013318  0.018646 -0.052875  \n376  0.083375  0.303958  0.013764  0.060195  0.077918  0.009874  0.073411  \n378  0.100237 -0.031045 -0.120787 -0.158809 -0.091612 -0.017629 -0.077458  \n360  0.002695 -0.242414 -0.036752 -0.031112  0.046937 -0.022330 -0.122790  \n369  0.043802 -0.253332 -0.171798 -0.125166 -0.066013 -0.005743 -0.275709  \n361 -0.029267 -0.255165 -0.194809 -0.134297 -0.140476 -0.149588 -0.252950  \n370 -0.077096 -0.156141  0.049068  0.010891 -0.075957 -0.059072 -0.068914  \n9    0.272838  0.161879  0.204964  0.114412  0.263062  0.194063  0.018264  \n10   0.207908 -0.099486  0.003989 -0.002078  0.113059  0.191615 -0.130236  \n11  -0.047321 -0.212664 -0.107589 -0.027627 -0.043498 -0.029182 -0.259010  \n53   0.708050  0.222511  0.346472  0.146501  0.637361  0.607953  0.110040  \n55   0.028389  0.261415  0.426390  0.468577  0.369435  0.159035  0.402057  \n77   0.526875  0.026599  0.124569  0.026010  0.447331  0.503931 -0.066488  \n95   0.557414 -0.095591 -0.008017 -0.127757  0.300798  0.440574 -0.214315  \n189  0.042175 -0.001362  0.191319  0.198713  0.289386  0.281189 -0.103874  \n190  0.142590 -0.246727 -0.141536 -0.097336  0.045949  0.225627 -0.257237  \n191 -0.047458 -0.154121  0.117274  0.211670  0.161597  0.171422 -0.196994  \n233  0.639804  0.206740  0.330092  0.231854  0.654460  0.595955  0.093376  \n235  0.344497 -0.049342  0.286753  0.258995  0.510961  0.505657  0.027503  \n257  0.407781 -0.045727  0.158834 -0.031513  0.366721  0.519418 -0.142128  \n275  0.556546  0.065181  0.081303 -0.085312  0.375491  0.576162 -0.099679  \n7    0.114117  0.696026  0.728562  0.535428  0.476702  0.356052  0.582063  \n8    0.168291  0.653533  0.669244  0.577607  0.501048  0.309305  0.608279  \n50   0.617016  0.443111  0.499732  0.280063  0.622935  0.540948  0.327603  \n51   1.000000  0.076951  0.095304  0.002680  0.576034  0.679350 -0.039045  \n52   0.076951  1.000000  0.533311  0.418048  0.379077  0.242478  0.545854  \n187  0.095304  0.533311  1.000000  0.834535  0.594033  0.376863  0.717868  \n188  0.002680  0.418048  0.834535  1.000000  0.612291  0.314036  0.605043  \n230  0.576034  0.379077  0.594033  0.612291  1.000000  0.755235  0.373494  \n231  0.679350  0.242478  0.376863  0.314036  0.755235  1.000000  0.146316  \n232 -0.039045  0.545854  0.717868  0.605043  0.373494  0.146316  1.000000  \n\n[37 rows x 37 columns]",
         null,
         null,
         null,
         null,
         null,
         null,
         null,
         null
        ],
        [
         "3",
         "s009",
         "          362       363       364       367       371       372       373  \\\n362  1.000000  0.551655  0.273465  0.159497  0.331090 -0.067794  0.230534   \n363  0.551655  1.000000  0.138484 -0.013489  0.085911 -0.102223  0.176907   \n364  0.273465  0.138484  1.000000  0.779351  0.274691  0.482347  0.667354   \n367  0.159497 -0.013489  0.779351  1.000000  0.227089  0.497295  0.694276   \n371  0.331090  0.085911  0.274691  0.227089  1.000000  0.074321  0.173853   \n372 -0.067794 -0.102223  0.482347  0.497295  0.074321  1.000000  0.615949   \n373  0.230534  0.176907  0.667354  0.694276  0.173853  0.615949  1.000000   \n376 -0.423413 -0.300300 -0.014534  0.217379  0.111039  0.188467 -0.036373   \n378  0.054296 -0.017168  0.157496  0.178637  0.039562  0.376259  0.284044   \n360  0.304188  0.124023  0.470574  0.316163  0.306813  0.232422  0.368902   \n369  0.019560 -0.177196  0.210667  0.320406  0.281092  0.252886  0.123666   \n361  0.420115  0.238365  0.191001  0.219229  0.235153 -0.024428  0.215919   \n370  0.329294  0.104168  0.033250  0.163804  0.539256 -0.236789  0.076072   \n9    0.242790  0.239555  0.399963  0.368477  0.074907  0.166611  0.449968   \n10  -0.393166 -0.274404 -0.496449 -0.433675 -0.244802 -0.051558 -0.295726   \n11  -0.410067 -0.326951 -0.303012 -0.159523 -0.183559  0.238494 -0.084458   \n53   0.288439  0.253333  0.023969 -0.048309  0.088986 -0.083125  0.136586   \n55  -0.291827 -0.103840 -0.610297 -0.581584 -0.045376 -0.090118 -0.430351   \n77  -0.329155 -0.206642 -0.536058 -0.492679 -0.224330  0.012960 -0.347726   \n95  -0.028703  0.080164 -0.011243 -0.037298 -0.208011 -0.046292  0.041232   \n189 -0.035381  0.089581  0.265083  0.350262  0.045386  0.171395  0.333925   \n190 -0.297053 -0.108586 -0.381815 -0.243127 -0.123178 -0.105141 -0.215835   \n191 -0.180660 -0.052521 -0.096197  0.090499 -0.005397  0.040882  0.063738   \n233  0.205832  0.200100  0.029740 -0.046965  0.031811 -0.038569  0.144227   \n235 -0.169012 -0.002941 -0.467778 -0.345033 -0.001220 -0.518118 -0.361824   \n257 -0.150819 -0.026171 -0.519291 -0.427544  0.011923 -0.493368 -0.423927   \n275  0.085540  0.024818  0.366157  0.317534  0.002963  0.496824  0.427878   \n7    0.080622  0.125190 -0.286105 -0.385507 -0.077990 -0.285749 -0.262762   \n8    0.104364  0.089781 -0.358210 -0.428328 -0.144857 -0.049415 -0.146036   \n50  -0.271524 -0.157125 -0.592507 -0.584664 -0.242030 -0.020967 -0.373994   \n51  -0.281960 -0.191759 -0.596690 -0.635621 -0.287356 -0.096860 -0.437717   \n52   0.021823  0.052141 -0.065590 -0.157072 -0.159087 -0.114573 -0.137817   \n187  0.010410  0.047653 -0.380667 -0.312381  0.083577 -0.535279 -0.398685   \n188 -0.016541 -0.018854 -0.324202 -0.208297  0.130103 -0.359181 -0.327678   \n230 -0.100026 -0.013284 -0.420116 -0.309739  0.083905 -0.442683 -0.421059   \n231 -0.195565 -0.133431 -0.429508 -0.306861  0.087142 -0.412052 -0.379542   \n232  0.287021  0.163354 -0.193171 -0.185362  0.256978 -0.324560 -0.206800   \n\n          376       378       360  ...       7         8         50   \\\n362 -0.423413  0.054296  0.304188  ...  0.080622  0.104364 -0.271524   \n363 -0.300300 -0.017168  0.124023  ...  0.125190  0.089781 -0.157125   \n364 -0.014534  0.157496  0.470574  ... -0.286105 -0.358210 -0.592507   \n367  0.217379  0.178637  0.316163  ... -0.385507 -0.428328 -0.584664   \n371  0.111039  0.039562  0.306813  ... -0.077990 -0.144857 -0.242030   \n372  0.188467  0.376259  0.232422  ... -0.285749 -0.049415 -0.020967   \n373 -0.036373  0.284044  0.368902  ... -0.262762 -0.146036 -0.373994   \n376  1.000000  0.007450 -0.138158  ... -0.292660 -0.572746 -0.152589   \n378  0.007450  1.000000  0.374493  ... -0.119891  0.131578  0.013068   \n360 -0.138158  0.374493  1.000000  ... -0.021488 -0.055369 -0.312969   \n369  0.312878  0.176276  0.207517  ... -0.069623 -0.149793 -0.073717   \n361 -0.275362 -0.072773  0.114168  ...  0.011944  0.114623 -0.081598   \n370  0.216393 -0.034628  0.187034  ...  0.020201 -0.268695 -0.389010   \n9   -0.391998 -0.005593  0.095401  ... -0.039185  0.148246 -0.198785   \n10  -0.002320 -0.036419 -0.294691  ...  0.196662  0.497306  0.699433   \n11   0.140984  0.085258 -0.389741  ... -0.042101  0.337977  0.602534   \n53  -0.296196 -0.054188  0.107414  ...  0.261848  0.387937  0.129468   \n55   0.059203  0.035345 -0.218334  ...  0.186404  0.389726  0.656475   \n77  -0.036457  0.064002 -0.322262  ...  0.193789  0.471014  0.723506   \n95  -0.047302 -0.028887 -0.093117  ... -0.066911  0.146204  0.080504   \n189  0.304601  0.026536 -0.016304  ... -0.204804 -0.296052 -0.249568   \n190  0.266866  0.031548 -0.188450  ...  0.054412  0.020084  0.180932   \n191  0.337300 -0.035783 -0.122678  ...  0.026880 -0.062175  0.040783   \n233 -0.074618  0.083953  0.125490  ...  0.079458 -0.008413 -0.055923   \n235  0.265492 -0.258132 -0.332710  ...  0.068607 -0.141445  0.024542   \n257  0.230342 -0.245518 -0.350894  ...  0.144800 -0.041447  0.135613   \n275  0.107123  0.284290  0.264596  ... -0.180678 -0.103644 -0.121867   \n7   -0.292660 -0.119891 -0.021488  ...  1.000000  0.572887  0.402780   \n8   -0.572746  0.131578 -0.055369  ...  0.572887  1.000000  0.729722   \n50  -0.152589  0.013068 -0.312969  ...  0.402780  0.729722  1.000000   \n51  -0.196077 -0.077620 -0.397758  ...  0.408215  0.667908  0.880644   \n52  -0.196544 -0.172442 -0.083604  ...  0.538602  0.372374  0.304501   \n187  0.175056 -0.318131 -0.207977  ...  0.348974 -0.115772 -0.050036   \n188  0.239489 -0.237312 -0.191400  ...  0.296803 -0.102218 -0.052470   \n230  0.297154 -0.340222 -0.302580  ...  0.257189 -0.115520  0.045596   \n231  0.277291 -0.258265 -0.293466  ...  0.202265 -0.048783  0.108839   \n232 -0.003241 -0.135163  0.000822  ...  0.293871 -0.023956 -0.130969   \n\n          51        52        187       188       230       231       232  \n362 -0.281960  0.021823  0.010410 -0.016541 -0.100026 -0.195565  0.287021  \n363 -0.191759  0.052141  0.047653 -0.018854 -0.013284 -0.133431  0.163354  \n364 -0.596690 -0.065590 -0.380667 -0.324202 -0.420116 -0.429508 -0.193171  \n367 -0.635621 -0.157072 -0.312381 -0.208297 -0.309739 -0.306861 -0.185362  \n371 -0.287356 -0.159087  0.083577  0.130103  0.083905  0.087142  0.256978  \n372 -0.096860 -0.114573 -0.535279 -0.359181 -0.442683 -0.412052 -0.324560  \n373 -0.437717 -0.137817 -0.398685 -0.327678 -0.421059 -0.379542 -0.206800  \n376 -0.196077 -0.196544  0.175056  0.239489  0.297154  0.277291 -0.003241  \n378 -0.077620 -0.172442 -0.318131 -0.237312 -0.340222 -0.258265 -0.135163  \n360 -0.397758 -0.083604 -0.207977 -0.191400 -0.302580 -0.293466  0.000822  \n369 -0.179998 -0.084503 -0.020708  0.045594 -0.006267 -0.039471  0.055368  \n361 -0.120312  0.072342 -0.085892 -0.079519 -0.136895 -0.183589  0.084768  \n370 -0.447701 -0.139737  0.542150  0.525159  0.438944  0.385176  0.603476  \n9   -0.208377  0.099542 -0.277819 -0.291280 -0.347293 -0.353591 -0.115432  \n10   0.685448  0.207396 -0.136678 -0.154456 -0.026127  0.093518 -0.254695  \n11   0.500852  0.135350 -0.213488 -0.172937 -0.082797 -0.000510 -0.294194  \n53   0.036889  0.120235 -0.082640 -0.137698 -0.090618 -0.059596 -0.058723  \n55   0.616756  0.061513 -0.000048 -0.046156  0.095475  0.146158 -0.099558  \n77   0.713708  0.229827 -0.122548 -0.147269 -0.002659  0.081232 -0.209351  \n95  -0.037003  0.044348 -0.103143 -0.158809 -0.107161 -0.093106 -0.140636  \n189 -0.359305 -0.090272 -0.167025 -0.078144 -0.158578 -0.198193 -0.209927  \n190  0.124920 -0.108877  0.248101  0.269222  0.296160  0.338439  0.032401  \n191 -0.050124 -0.015454  0.025305  0.094396  0.029010  0.003334 -0.102321  \n233 -0.180108 -0.022101  0.040279 -0.014807  0.003885  0.010332 -0.036779  \n235 -0.007466 -0.057534  0.726424  0.598786  0.703118  0.700628  0.466001  \n257  0.130028  0.020401  0.760430  0.641841  0.737173  0.728461  0.577259  \n275 -0.227739 -0.133035 -0.406086 -0.328039 -0.388766 -0.386335 -0.298309  \n7    0.408215  0.538602  0.348974  0.296803  0.257189  0.202265  0.293871  \n8    0.667908  0.372374 -0.115772 -0.102218 -0.115520 -0.048783 -0.023956  \n50   0.880644  0.304501 -0.050036 -0.052470  0.045596  0.108839 -0.130969  \n51   1.000000  0.300505  0.005965  0.001002  0.092552  0.135925 -0.061501  \n52   0.300505  1.000000  0.125414  0.075174  0.129532  0.081272  0.114692  \n187  0.005965  0.125414  1.000000  0.902276  0.913817  0.840966  0.824388  \n188  0.001002  0.075174  0.902276  1.000000  0.882188  0.796685  0.855124  \n230  0.092552  0.129532  0.913817  0.882188  1.000000  0.907117  0.741044  \n231  0.135925  0.081272  0.840966  0.796685  0.907117  1.000000  0.627236  \n232 -0.061501  0.114692  0.824388  0.855124  0.741044  0.627236  1.000000  \n\n[37 rows x 37 columns]",
         null,
         null,
         null,
         null,
         null,
         null,
         null,
         null
        ],
        [
         "4",
         "s036",
